t # 18
v 0 6
v 1 6
v 2 6
v 3 6
v 4 6
v 5 7
v 6 6
v 7 6
v 8 7
v 9 6
v 10 8
v 11 7
v 12 6
v 13 7
v 14 7
v 15 8
v 16 8
v 17 8
v 18 8
v 19 8
e 0 1 1
e 1 2 1
e 2 3 1
e 3 4 1
e 4 5 1
e 5 6 1
e 6 7 2
e 8 3 1
e 7 8 1
e 7 9 1
e 9 10 2
e 9 11 1
e 11 12 2
e 13 6 1
e 12 13 1
e 12 14 1
e 5 15 1
e 4 16 1
e 2 17 1
e 1 18 1
e 0 19 1
t # 42531
v 0 6
v 1 6
v 2 7
v 3 6
v 4 6
v 5 6
v 6 8
v 7 7
v 8 6
v 9 7
v 10 7
v 11 6
v 12 6
v 13 6
v 14 6
v 15 8
v 16 6
v 17 8
v 18 8
v 19 8
e 0 1 2
e 1 2 1
e 2 3 1
e 4 0 1
e 3 4 2
e 4 5 1
e 5 6 2
e 5 7 1
e 7 8 2
e 9 3 1
e 8 9 1
e 8 10 1
e 2 11 1
e 11 12 1
e 12 13 1
e 13 14 1
e 15 11 1
e 14 15 1
e 14 16 1
e 16 17 1
e 13 18 1
e 12 19 1
